$ANSIBLE_VAULT;1.1;AES256
66653838373432303035323939393931333263363737343932646462306261626266653836363039
3264313436616430353738646362366537373634316433620a663434376261373230313463613235
61303433383139646437653437666333613636636366626264613962386163633230303633353533
6161373333346665660a303862623662613838646536363966396266356333343164376336666162
39646364373030373734373030636637333338666364313965663061386436646537303661613737
32623235393166343162383264333238393863333633333733656439613839373834653535626661
61383636383835633661306464373361343138623139633564366562353266636561643362653334
64663361346431373937613563653439643336663365306230353163613665323365393531643733
38353863333532303066343837386132653365613134653465343537363731396237653231623732
30623139316561616235653835346464393333333261323264666634653234623732653036646165
30643333643436626261623330303538346464306362636564626536623537626430623661623836
61663035363933643035656263663266386362633464393232616333366662613833383731353532
33383231353866353738326339643762313962393734653962353837313333316561643263383033
35343338346531663232376630336164306163646264633862303461323133333633386566633762
35353063636666613834333765363763626232623564633534356434313566313431633164626136
38623462396238343632336331373461373265613263303034326133366263663432633362303937
64666337363135353765633036343362303964343733613665343230616239313335366463313562
37656331646265653862373230386535323934376630366564346264346133353462633563353139
62303632333663386265356666366335313931323737323533613763373335323561366461653130
64353666333231646466356138336138643032393964353235623736653636646462313233623535
33326563343963393636356232373263393034663535363962323038343863303232313764366164
61333834316634303866643631626364383965313234353632303762386661363439383338343433
34303266393035663238356232336431653739373439376366333465643634316233626264326161
39303739306137616363
